[ 1 ] buscar palavra
[ 2 ] auto-completar
[ 3 ] Justificar o texto 
[ 0 ] sair
text size = 98
2147483647
0,0: 1 | 2 | 1
0,1: 5 | 2 | 2147483647
0,2: 8 | 2 | 2147483647
0,3: 14 | 2 | 2147483647
0,4: 21 | 2 | 2147483647
0,5: 27 | 2 | 2147483647
0,6: 33 | 2 | 2147483647
0,7: 36 | 2 | 2147483647
0,8: 49 | 2 | 2147483647
0,9: 53 | 2 | 2147483647
0,10: 65 | 2 | 2147483647
0,11: 68 | 2 | 2147483647
0,12: 74 | 2 | 2147483647
0,13: 77 | 2 | 2147483647
0,14: 88 | 2 | 2147483647
0,15: 101 | 2 | 2147483647
0,16: 103 | 2 | 2147483647
0,17: 106 | 2 | 2147483647
0,18: 117 | 2 | 2147483647
0,19: 119 | 2 | 2147483647
0,20: 123 | 2 | 2147483647
0,21: 129 | 2 | 2147483647
0,22: 139 | 2 | 2147483647
0,23: 145 | 2 | 2147483647
0,24: 147 | 2 | 2147483647
0,25: 155 | 2 | 2147483647
0,26: 160 | 2 | 2147483647
0,27: 167 | 2 | 2147483647
0,28: 170 | 2 | 2147483647
0,29: 180 | 2 | 2147483647
0,30: 193 | 2 | 2147483647
0,31: 199 | 2 | 2147483647
0,32: 203 | 2 | 2147483647
0,33: 211 | 2 | 2147483647
0,34: 214 | 2 | 2147483647
0,35: 220 | 2 | 2147483647
0,36: 222 | 2 | 2147483647
0,37: 225 | 2 | 2147483647
0,38: 236 | 2 | 2147483647
0,39: 241 | 2 | 2147483647
0,40: 247 | 2 | 2147483647
0,41: 250 | 2 | 2147483647
0,42: 256 | 2 | 2147483647
0,43: 259 | 2 | 2147483647
0,44: 267 | 2 | 2147483647
0,45: 270 | 2 | 2147483647
0,46: 277 | 2 | 2147483647
0,47: 283 | 2 | 2147483647
0,48: 289 | 2 | 2147483647
0,49: 300 | 2 | 2147483647
0,50: 305 | 2 | 2147483647
0,51: 309 | 2 | 2147483647
0,52: 311 | 2 | 2147483647
0,53: 317 | 2 | 2147483647
0,54: 327 | 2 | 2147483647
0,55: 332 | 2 | 2147483647
0,56: 340 | 2 | 2147483647
0,57: 343 | 2 | 2147483647
0,58: 349 | 2 | 2147483647
0,59: 354 | 2 | 2147483647
0,60: 356 | 2 | 2147483647
0,61: 369 | 2 | 2147483647
0,62: 382 | 2 | 2147483647
0,63: 395 | 2 | 2147483647
0,64: 410 | 2 | 2147483647
0,65: 422 | 2 | 2147483647
0,66: 425 | 2 | 2147483647
0,67: 437 | 2 | 2147483647
0,68: 440 | 2 | 2147483647
0,69: 448 | 2 | 2147483647
0,70: 451 | 2 | 2147483647
0,71: 455 | 2 | 2147483647
0,72: 462 | 2 | 2147483647
0,73: 464 | 2 | 2147483647
0,74: 473 | 2 | 2147483647
0,75: 481 | 2 | 2147483647
0,76: 491 | 2 | 2147483647
0,77: 500 | 2 | 2147483647
0,78: 510 | 2 | 2147483647
0,79: 513 | 2 | 2147483647
0,80: 519 | 2 | 2147483647
0,81: 526 | 2 | 2147483647
0,82: 528 | 2 | 2147483647
0,83: 533 | 2 | 2147483647
0,84: 546 | 2 | 2147483647
0,85: 553 | 2 | 2147483647
0,86: 560 | 2 | 2147483647
0,87: 562 | 2 | 2147483647
0,88: 566 | 2 | 2147483647
0,89: 576 | 2 | 2147483647
0,90: 578 | 2 | 2147483647
0,91: 588 | 2 | 2147483647
0,92: 591 | 2 | 2147483647
0,93: 604 | 2 | 2147483647
0,94: 616 | 2 | 2147483647
0,95: 621 | 2 | 2147483647
0,96: 627 | 2 | 2147483647
0,97: 638 | 2 | 2147483647
########################################################################
1,1: 3 | 2 | 2147483647
1,2: 6 | 2 | 2147483647
1,3: 12 | 2 | 2147483647
1,4: 19 | 2 | 2147483647
1,5: 25 | 2 | 2147483647
1,6: 31 | 2 | 2147483647
1,7: 34 | 2 | 2147483647
1,8: 47 | 2 | 2147483647
1,9: 51 | 2 | 2147483647
1,10: 63 | 2 | 2147483647
1,11: 66 | 2 | 2147483647
1,12: 72 | 2 | 2147483647
1,13: 75 | 2 | 2147483647
1,14: 86 | 2 | 2147483647
1,15: 99 | 2 | 2147483647
1,16: 101 | 2 | 2147483647
1,17: 104 | 2 | 2147483647
1,18: 115 | 2 | 2147483647
1,19: 117 | 2 | 2147483647
1,20: 121 | 2 | 2147483647
1,21: 127 | 2 | 2147483647
1,22: 137 | 2 | 2147483647
1,23: 143 | 2 | 2147483647
1,24: 145 | 2 | 2147483647
1,25: 153 | 2 | 2147483647
1,26: 158 | 2 | 2147483647
1,27: 165 | 2 | 2147483647
1,28: 168 | 2 | 2147483647
1,29: 178 | 2 | 2147483647
1,30: 191 | 2 | 2147483647
1,31: 197 | 2 | 2147483647
1,32: 201 | 2 | 2147483647
1,33: 209 | 2 | 2147483647
1,34: 212 | 2 | 2147483647
1,35: 218 | 2 | 2147483647
1,36: 220 | 2 | 2147483647
1,37: 223 | 2 | 2147483647
1,38: 234 | 2 | 2147483647
1,39: 239 | 2 | 2147483647
1,40: 245 | 2 | 2147483647
1,41: 248 | 2 | 2147483647
1,42: 254 | 2 | 2147483647
1,43: 257 | 2 | 2147483647
1,44: 265 | 2 | 2147483647
1,45: 268 | 2 | 2147483647
1,46: 275 | 2 | 2147483647
1,47: 281 | 2 | 2147483647
1,48: 287 | 2 | 2147483647
1,49: 298 | 2 | 2147483647
1,50: 303 | 2 | 2147483647
1,51: 307 | 2 | 2147483647
1,52: 309 | 2 | 2147483647
1,53: 315 | 2 | 2147483647
1,54: 325 | 2 | 2147483647
1,55: 330 | 2 | 2147483647
1,56: 338 | 2 | 2147483647
1,57: 341 | 2 | 2147483647
1,58: 347 | 2 | 2147483647
1,59: 352 | 2 | 2147483647
1,60: 354 | 2 | 2147483647
1,61: 367 | 2 | 2147483647
1,62: 380 | 2 | 2147483647
1,63: 393 | 2 | 2147483647
1,64: 408 | 2 | 2147483647
1,65: 420 | 2 | 2147483647
1,66: 423 | 2 | 2147483647
1,67: 435 | 2 | 2147483647
1,68: 438 | 2 | 2147483647
1,69: 446 | 2 | 2147483647
1,70: 449 | 2 | 2147483647
1,71: 453 | 2 | 2147483647
1,72: 460 | 2 | 2147483647
1,73: 462 | 2 | 2147483647
1,74: 471 | 2 | 2147483647
1,75: 479 | 2 | 2147483647
1,76: 489 | 2 | 2147483647
1,77: 498 | 2 | 2147483647
1,78: 508 | 2 | 2147483647
1,79: 511 | 2 | 2147483647
1,80: 517 | 2 | 2147483647
1,81: 524 | 2 | 2147483647
1,82: 526 | 2 | 2147483647
1,83: 531 | 2 | 2147483647
1,84: 544 | 2 | 2147483647
1,85: 551 | 2 | 2147483647
1,86: 558 | 2 | 2147483647
1,87: 560 | 2 | 2147483647
1,88: 564 | 2 | 2147483647
1,89: 574 | 2 | 2147483647
1,90: 576 | 2 | 2147483647
1,91: 586 | 2 | 2147483647
1,92: 589 | 2 | 2147483647
1,93: 602 | 2 | 2147483647
1,94: 614 | 2 | 2147483647
1,95: 619 | 2 | 2147483647
1,96: 625 | 2 | 2147483647
1,97: 636 | 2 | 2147483647
########################################################################
2,2: 2 | 2 | 0
2,3: 8 | 2 | 2147483647
2,4: 15 | 2 | 2147483647
2,5: 21 | 2 | 2147483647
2,6: 27 | 2 | 2147483647
2,7: 30 | 2 | 2147483647
2,8: 43 | 2 | 2147483647
2,9: 47 | 2 | 2147483647
2,10: 59 | 2 | 2147483647
2,11: 62 | 2 | 2147483647
2,12: 68 | 2 | 2147483647
2,13: 71 | 2 | 2147483647
2,14: 82 | 2 | 2147483647
2,15: 95 | 2 | 2147483647
2,16: 97 | 2 | 2147483647
2,17: 100 | 2 | 2147483647
2,18: 111 | 2 | 2147483647
2,19: 113 | 2 | 2147483647
2,20: 117 | 2 | 2147483647
2,21: 123 | 2 | 2147483647
2,22: 133 | 2 | 2147483647
2,23: 139 | 2 | 2147483647
2,24: 141 | 2 | 2147483647
2,25: 149 | 2 | 2147483647
2,26: 154 | 2 | 2147483647
2,27: 161 | 2 | 2147483647
2,28: 164 | 2 | 2147483647
2,29: 174 | 2 | 2147483647
2,30: 187 | 2 | 2147483647
2,31: 193 | 2 | 2147483647
2,32: 197 | 2 | 2147483647
2,33: 205 | 2 | 2147483647
2,34: 208 | 2 | 2147483647
2,35: 214 | 2 | 2147483647
2,36: 216 | 2 | 2147483647
2,37: 219 | 2 | 2147483647
2,38: 230 | 2 | 2147483647
2,39: 235 | 2 | 2147483647
2,40: 241 | 2 | 2147483647
2,41: 244 | 2 | 2147483647
2,42: 250 | 2 | 2147483647
2,43: 253 | 2 | 2147483647
2,44: 261 | 2 | 2147483647
2,45: 264 | 2 | 2147483647
2,46: 271 | 2 | 2147483647
2,47: 277 | 2 | 2147483647
2,48: 283 | 2 | 2147483647
2,49: 294 | 2 | 2147483647
2,50: 299 | 2 | 2147483647
2,51: 303 | 2 | 2147483647
2,52: 305 | 2 | 2147483647
2,53: 311 | 2 | 2147483647
2,54: 321 | 2 | 2147483647
2,55: 326 | 2 | 2147483647
2,56: 334 | 2 | 2147483647
2,57: 337 | 2 | 2147483647
2,58: 343 | 2 | 2147483647
2,59: 348 | 2 | 2147483647
2,60: 350 | 2 | 2147483647
2,61: 363 | 2 | 2147483647
2,62: 376 | 2 | 2147483647
2,63: 389 | 2 | 2147483647
2,64: 404 | 2 | 2147483647
2,65: 416 | 2 | 2147483647
2,66: 419 | 2 | 2147483647
2,67: 431 | 2 | 2147483647
2,68: 434 | 2 | 2147483647
2,69: 442 | 2 | 2147483647
2,70: 445 | 2 | 2147483647
2,71: 449 | 2 | 2147483647
2,72: 456 | 2 | 2147483647
2,73: 458 | 2 | 2147483647
2,74: 467 | 2 | 2147483647
2,75: 475 | 2 | 2147483647
2,76: 485 | 2 | 2147483647
2,77: 494 | 2 | 2147483647
2,78: 504 | 2 | 2147483647
2,79: 507 | 2 | 2147483647
2,80: 513 | 2 | 2147483647
2,81: 520 | 2 | 2147483647
2,82: 522 | 2 | 2147483647
2,83: 527 | 2 | 2147483647
2,84: 540 | 2 | 2147483647
2,85: 547 | 2 | 2147483647
2,86: 554 | 2 | 2147483647
2,87: 556 | 2 | 2147483647
2,88: 560 | 2 | 2147483647
2,89: 570 | 2 | 2147483647
2,90: 572 | 2 | 2147483647
2,91: 582 | 2 | 2147483647
2,92: 585 | 2 | 2147483647
2,93: 598 | 2 | 2147483647
2,94: 610 | 2 | 2147483647
2,95: 615 | 2 | 2147483647
2,96: 621 | 2 | 2147483647
2,97: 632 | 2 | 2147483647
########################################################################
